81
243
512
1
22293
243
768
126410606437752
716713983
162
16
243
5606
2500
40793
1
35042192
3888
71750
768
32
3898
9604
554539901
1
74687282240
39366
2500
3268760
1
16
768
3104
59049
768
39366
25688
77322
460624174
70708
12005
32
1
139886386
243
162
3241876
37952
32
2571
1423
702004
10984
588457968
1783
405000
39366
16807
47061
757856
3888
1182
2500
32
162
9604
1
27345
1849552
59049
8361660
297630681653
7776
512
1
10678
1875
62208
102487
3888
32
768
1
24576
2468660
16
512
1
512
81
6218772671
1563852
4313088
3888
3125
2963216
455625
1182
5184
49216
162
126324
648
377199
1024
1
1024
1
16
7776
32
1313433
81
3888
32
139051655
248832
122107
1250
1280088
6157148099
10176148
41472
108161
124416
2291164526
243
243
1250
10579702048
2630875
16384
3888
10580880
1
1
7203
165278378448
2518569
931486260
32
32
1649040
66525
4790935486
114008
1
81
256
32
142553731834
5184
1024
243
15592195
5184
16
20480
14763
256
5725960
1024
16
1
26244
1
512
658665
152511820837
4800
1875
125951
17958
892
32
3387
512
162
64898
32
13645
243
1386431664
445084030
32
7203
237274
1024
28912
1
243
70605
162
1
32
66927
14406
243
1
7290000
7248
27064
3179
1323216
68131000
144604
345744
295148
131119814
46592
5645329641
512
9604
197633
3279584
194111290
4251647582
1
3938
1480356
1024
521284
1563852
768
2972
2142
33734898
7031250
1
32
16
3682995
59049
19966
1250
141244
7776
1499770244
16
1737044555
40000
849316
5714
32
886857760
375574
7100
3701258
16
1
243
709872787912
32
61189
106540
243
162
4669004
230496
1
1264500
19256
182039734
81
3888
79997714
68453811
76896
32
644778750
101127795
3888
32768
186624
1
512
130303
4258
1
266630580
512
14116
32
512
768
59049
2530991
3125
4802
1691383414567
512
4953586968
2848
442377
39366
1
1250
39366
9397116
24507
243
270214327492
4193016
414752
243
4389
15504
7776
108192
44136
7170045
32
8104
1
123043245
1024
1875
50016
525985082
125146
32
1048
249328575
8731909
1024
28585080
3970
162
141168570
7060
39366
768
1600000
1
81
165888
81
768
183579396
6941421
687048
243
11107126
243
28561
1373536
256
122167
2500
960000
1
2859254639
16384
32
1
162
1317556098
1
243
132777
16
39366
1
98644
1
778
12288
1024
7967563
80000
2500
1683
39747223
1
20189920
162
43943801
1
16384
8104
32
11894
7776
60000
768
3125
11881296
24576
32
17228856
3464
1605032
1509360
32184
492241684149
16
1024
746892
512
145152
1024
21998
5184
32
4476
929968
60000
1
16
1913152
9604
904
512
339929553
667593
7452018
7776
32
7536851
1789520975
32
1
1024
141481
768
32
32
153
32
32
162
3872
32
124416
458752
4112
81
243
50943314
2500
16384
1
7776
15620
3888
1024
331692
31417
2572128
243
5988
219
32
162
512
1962
512
1296
256
393216
5184
2722734
32
81
8216559
8355498
32
102666
1
21008750
32
73723032
60000
102487
512
32
124416
1024
20893811
8623828
162
10068
4035
32768
16
32
506196
32768
1
243
243
143233
16384
5617
81
7776
16987733
16
243
32
2425714
512
16
6544
39366
1
3708
1
3125
32
20286091
2002
4896
563335
91261220
1024
3888
458752
37398800
1
46414726
39366
3363
100000
162
62208
5184
1
13381
22342915
91823
70170
620201942
1024
5184
512
7203
2500
19156
81
162
95970277
202500
32
512
1066
32
1
32
243
13188
43548
6423580
1
193129
243
39366
2592
243
32
8121184
81
1
32
16
7572
1
26165
1
243
243
1024
7776
16128
3125
1
561416823
81
2025442
1
16763348
32768
5184
2912754
44334220
7501
7776
480920032
2778
512
512
338806
5479506
355998
236717956
32
162
2592
512
430346333
14499
6016
1875
46464320
60966
1024
27148
1024
2005634032
32768
1303210
3888
243
1106771942
32
1024
506250
85674
2500
162
93869
1
5184
5184
24395
71513282179831
16
56534
322635422017
3101675
302632
5184
512
4350912
445411092
1024
60000
5353626
7776
162
24576
4873200
243
350968288
16
31002
17223
162
1024
100000
53130
512
180659655
154909984
1875
81
189536
512
328
512
29868
24576
1390855817
1024
16
37728289592
512
32
16
89
7737443
768
487746110
498347
95793
32
1
162
1465579030
1250
1875
1875
87846
32
162
155616
7334641475
16
1024
1
16
40225345056
243
616
3125
26254
28093
1341645
31437475
1
3888
8112
162
243
791787
512
65545305
1024
171288
16
1329841
648352
3660
50000
42196463
10816
202173340
2123744
32
7588
101839
2592
32
1473150
162
14406
1125920
1
1024
768
24576
512
243
16
228488
32
922292
26491
18436384
14406
1250
162
768
455625
21519058
1
1225550095
16
67063874
85683
18514
3947081
39366
16
32
32
6567040
1989974400
1255703620
91631368
3952
30551202
9604
1164609
591901
768
3102
512
1
5184
162
162
243
7375872
165818254
735804
1
32
32
54504
1661176
3125
23597328
64641108
17811751
9437184
64173501
5184
7776
16384
768
32
19683
243392
1
32
1
23718420
1
16
3888
243
32
2744631
5184
1
596276
6418692
1024
81
625
1024
1138866
25699
16
32
80000
1
13731
3888
12663160
1
32
1499476267
112744
1250
32
1
37613
16
5313228
7776
7776
6436343
32
53028
30935
1024
243
13201
16
655360
230025
75076
3179
39315
20255
25731216
1
13056636
24576
2403
344128
32
162
20971520
1768360
2763674
59049
16
190044
2500
3888
277596931
30367
3125
1
87846
345107920
165888
243
65795968
651621788
1069636
1
197
20189920
162
7203
58564
204228
2898012
243
7666246
1024
32
1
1910434271
25894
1
1024
14752
18282
1
1341551
381552644
12582912
243
68136132
9604
117868
512
150050949
1
720896
162
794699
60000
14406
1875
3649536
6715791
32
145152
512
3539
162
32
2500
50000
32
2208272604804
162
10952456
58533908
36012258
81
161051
1373408
3888
171366
171
3888
1247751300
4051
81
381420
25052
32
16
7776
32
5184
307328
16384
205962976
1629862
78621
950148
81
314976
512
60000
14201220458
32
1804451
124416
243
2500
1024
14758831
1
3125
3556
24576
32
7776
52488
1
6561
27806313
124416
66192896
13645
328612107
162
5184
64974
243
1
2144380
162
1969393104
1
107616
256
124416
15124
2849904
37415
811504
1259712
1849920
594289
3888
2895978
32
5184
141822
18046
