[897, 847]
[404, 541]
[651, 399]
[343, 95]
[986, 793]
[325, 308]
[134, 42]
[392, 663]
[356, 817]
[830, 62]
[163, 373]
[745]
[785, 797]
[922, 429]
[189, 696]
[683, 18]
[956, 756]
[945, 610]
[871, 929]
[9, 47]
[793, 964]
[182, 129]
[372, 6]
[680]
[759, 356]
[271, 354]
[448, 523]
[590, 802]
[136, 550]
[567, 315]
[397, 887]
[869, 277]
[920, 800]
[354, 464]
[986, 589]
[995, 596]
[66, 521]
[863, 908]
[936, 610]
[533, 978]
[20, 571]
[918, 1]
[101, 827]
[373, 993]
[785, 260]
[938, 992]
[698, 305]
[734, 431]
[739, 161]
[558, 44]
[818, 542]
[847, 708]
[51, 715]
[624, 997]
[686, 210]
[238, 236]
[723, 183]
[990, 55]
[437, 204]
[51, 212]
[202, 801]
[702]
[856]
[287, 404]
[266, 707]
[247, 920]
[423, 431]
[731]
[817, 887]
[274, 447]
[974, 251]
[860, 586]
[822, 157]
[413, 122]
[313, 963]
[840, 824]
[950, 172]
[831, 765]
[633, 119]
[867]
[674, 317]
[262, 578]
[374, 952]
[356, 695]
[273, 126]
[561, 697]
[192, 806]
[319, 163]
[941]
[744]
[54, 652]
[646, 873]
[792]
[995, 421]
[771, 247]
[17, 968]
[904, 873]
[636, 522]
[138, 125]
[439, 829]
[687, 119]
[681, 211]
[321, 480]
[130, 10]
[826, 659]
[616, 976]
[818, 852]
[858, 330]
[109, 503]
[331, 335]
[217, 808]
[802, 421]
[212, 395]
[247, 59]
[289, 789]
[923, 762]
[664, 388]
[277]
[646, 738]
[99, 406]
[517, 915]
[222]
[315, 61]
[189, 979]
[202, 265]
[462, 837]
[716, 198]
[486, 741]
[362, 256]
[733, 256]
[725, 525]
[418, 930]
[189]
[267, 547]
[59, 447]
[219, 737]
[439, 375]
[187, 195]
[495, 707]
[327, 147]
[300, 22]
[40, 485]
[17, 787]
[9, 403]
[594, 816]
[81, 811]
[528, 446]
[935, 868]
[998, 606]
[209, 216]
[923, 53]
[907, 751]
[361, 727]
[383]
[368, 818]
[600, 708]
[869, 289]
[98, 431]
[705, 550]
[913, 458]
[420]
[50, 150]
[144, 668]
[698, 589]
[501, 342]
[586, 562]
[170, 302]
[504, 931]
[243, 137]
[690, 286]
[575, 320]
[793, 553]
[602, 451]
[377, 818]
[372, 443]
[200, 393]
[936]
[708]
[697, 7]
[138, 305]
[675, 6]
[162, 562]
[220, 608]
[74, 568]
[957, 193]
[624, 984]
[872, 739]
[768]
[379, 910]
[933]
[40, 880]
[141]
[734, 940]
[248, 499]
[80, 523]
[108, 323]
[172, 305]
[506, 942]
[130, 544]
[42, 517]
[700, 480]
[289]
[861, 391]
[573, 859]
[173, 214]
[522, 270]
[150, 155]
[123]
[884, 387]
[827]
[310, 449]
[856, 154]
[161, 560]
[283, 279]
[309, 880]
[210, 349]
[622, 312]
[901, 266]
[273, 770]
[896, 122]
[661]
[632, 811]
[621, 93]
[448, 766]
[441, 592]
[417, 524]
[556, 780]
[897]
[950, 645]
[868, 77]
[613, 821]
[401, 609]
[939]
[195, 930]
[636, 797]
[9, 872]
[827, 79]
[150, 840]
[504, 274]
[56, 549]
[751, 123]
[478, 291]
[204]
[714, 148]
[157, 233]
[670]
[631, 671]
[516, 205]
[838, 823]
[951, 343]
[816, 779]
[490]
[110, 148]
[166, 214]
[408, 829]
[806, 251]
[120, 211]
[893, 403]
[452, 702]
[977]
[562, 368]
[267, 29]
[211, 507]
[721, 690]
[867, 432]
[231, 639]
[756, 894]
[968]
[214, 428]
[332, 260]
[26, 161]
[440, 802]
[224]
[261, 944]
[305, 908]
[345, 480]
[612, 58]
[93, 683]
[799, 548]
[802, 28]
[242, 97]
[997, 805]
[965, 748]
[915, 73]
[922, 144]
[451, 950]
[436, 396]
[149, 592]
[511, 820]
[264, 936]
[907, 785]
[270, 50]
[268, 909]
[747, 311]
[49, 947]
[714]
[53, 236]
[134, 713]
[783, 871]
[765]
[897, 377]
[869, 678]
[752, 259]
[959, 225]
[236]
[528, 306]
[786, 629]
[930, 850]
[912, 598]
[542, 372]
[197]
[681, 410]
[470, 152]
[768, 250]
[3, 131]
[648, 904]
[303, 337]
[164, 772]
[746, 144]
[952, 240]
[597, 479]
[37, 126]
[351, 783]
[281, 843]
[687, 986]
[153, 117]
[396]
[918, 258]
[542]
[578, 259]
[409, 684]
[931, 188]
[356, 909]
[911, 63]
[489, 535]
[578, 302]
[385, 426]
[175, 439]
[98, 364]
[202, 617]
[563, 772]
[425, 425]
[232, 667]
[7, 236]
[788, 195]
[506, 757]
[972, 566]
[408, 710]
[706]
[435, 435]
[714, 477]
[544, 9]
[395, 865]
[344, 119]
[47, 542]
[368, 816]
[165, 967]
[147]
[262, 147]
[690, 444]
[467, 527]
[724, 888]
[383, 518]
[351, 749]
[914, 852]
[279, 354]
[480, 833]
[84, 964]
[976, 211]
[225, 986]
0
