--------- X and Y Axis ---------
1261 1261 1261 1261 1261 1225 1225 1245 1210 0976 |0
1255 1260 1243 1242 1242 1205 1284 1268 1238 1219 |1
1255 1252 1243 1239 1270 1258 1284 1268 1244 1222 |2
1282 1252 1243 1208 1251 1211 1284 1257 1275 1275 |3
1282 1204 1231 1208 1288 1288 1288 1288 1259 1266 |4
1287 1140 1256 1208 1277 1277 1285 1286 1234 1247 |5
1287 1262 1262 1262 1273 1283 1285 1286 1274 1139 |6
1287 1196 1256 1202 1281 1283 1285 1286 1274 1139 |7
1228 1249 1249 1202 1278 1278 1285 1176 1186 1139 |8
1228 1213 1213 1213 1221 1221 1221 1164 1186 1131 |9
----------
--------- X and Z Axis ---------
0000 0000 0000 0000 0000 0000 0000 0000 0000 0000 |307
0000 0000 0000 0000 0000 0000 0000 0000 0000 0000 |306
0000 0000 0000 0000 0000 0000 0000 0000 0000 0000 |305
0000 0000 0000 0000 0000 0000 0000 0000 0000 0000 |304
0000 0000 0000 0000 0000 0000 0000 0000 0000 0000 |303
0000 0000 0000 0000 0000 0000 0000 0000 0000 0000 |302
0000 0000 0000 0000 0000 0000 0000 0000 0000 0000 |301
0000 0000 0000 0000 0000 0000 0000 0000 0000 0000 |300
0000 0000 0000 0000 0000 0000 0000 0000 0000 0000 |299
0000 0000 0000 0000 0000 0000 0000 0000 0000 0000 |298
0000 0000 0000 0000 0000 0000 0000 0000 0000 0000 |297
0000 0000 0000 0000 0000 0000 0000 0000 0000 0000 |296
0000 0000 0000 0000 0000 0000 0000 0000 0000 0000 |295
0000 0000 0000 0000 0000 0000 0000 0000 0000 0000 |294
0000 0000 0000 0000 0000 0000 0000 0000 0000 0000 |293
0000 0000 0000 0000 0000 0000 0000 0000 0000 0000 |292
0000 0000 0000 0000 0000 0000 0000 0000 0000 0000 |291
0000 0000 0000 0000 0000 0000 0000 0000 0000 0000 |290
0000 0000 0000 0000 0000 0000 0000 0000 0000 0000 |289
0000 0000 0000 0000 0000 0000 0000 0000 0000 0000 |288
0000 0000 0000 0000 0000 0000 0000 0000 0000 0000 |287
0000 0000 0000 0000 0000 0000 0000 0000 0000 0000 |286
0000 0000 0000 0000 0000 0000 0000 0000 0000 0000 |285
0000 0000 0000 0000 0000 0000 0000 0000 0000 0000 |284
0000 0000 0000 0000 0000 0000 0000 0000 0000 0000 |283
0000 0000 0000 0000 0000 0000 0000 0000 0000 0000 |282
0000 0000 0000 0000 0000 0000 0000 0000 0000 0000 |281
0000 0000 0000 0000 0000 0000 0000 0000 0000 0000 |280
0000 0000 0000 0000 0000 0000 0000 0000 0000 0000 |279
0000 0000 0000 0000 0000 0000 0000 0000 0000 0000 |278
0000 0000 0000 0000 0000 0000 0000 0000 0000 0000 |277
0000 0000 0000 0000 0000 0000 0000 0000 0000 0000 |276
0000 0000 0000 0000 0000 0000 0000 0000 0000 0000 |275
0000 0000 0000 0000 0000 0000 0000 0000 0000 0000 |274
0000 0000 0000 0000 0000 0000 0000 0000 0000 0000 |273
0000 0000 0000 0000 0000 0000 0000 0000 0000 0000 |272
0000 0000 0000 0000 0000 0000 0000 0000 0000 0000 |271
0000 0000 0000 0000 0000 0000 0000 0000 0000 0000 |270
0000 0000 0000 0000 0000 0000 0000 0000 0000 0000 |269
0000 0000 0000 0000 0000 0000 0000 0000 0000 0000 |268
0000 0000 0000 0000 0000 0000 0000 0000 0000 0000 |267
0000 0000 0000 0000 0000 0000 0000 0000 0000 0000 |266
0000 0000 0000 0000 0000 0000 0000 0000 0000 0000 |265
0000 0000 0000 0000 0000 0000 0000 0000 0000 0000 |264
0000 0000 0000 0000 0000 0000 0000 0000 0000 0000 |263
0000 0000 0000 0000 0000 0000 0000 0000 0000 0000 |262
0000 0000 0000 0000 0000 0000 0000 0000 0000 0000 |261
0000 0000 0000 0000 0000 0000 0000 0000 0000 0000 |260
0000 0000 0000 0000 0000 0000 0000 0000 0000 0000 |259
0000 0000 0000 0000 0000 0000 0000 0000 0000 0000 |258
0000 0000 0000 0000 0000 0000 0000 0000 0000 0000 |257
0000 0000 0000 0000 0000 0000 0000 0000 0000 0000 |256
0000 0000 0000 0000 0000 0000 0000 0000 0000 0000 |255
0000 0000 0000 0000 0000 0000 0000 0000 0000 0000 |254
0000 0000 0000 0000 0000 0000 0000 0000 0000 0000 |253
0000 0000 0000 0000 0000 0000 0000 0000 0000 0000 |252
0000 0000 0000 0000 0000 0000 0000 0000 0000 0000 |251
0000 0000 0000 0000 0000 0000 0000 0000 0000 0000 |250
0000 0000 0000 0000 0000 0000 0000 0000 0000 0000 |249
0000 0000 0000 0000 0000 0000 0000 0000 0000 0000 |248
0000 0000 0000 0000 0000 0000 0000 0000 0000 0000 |247
0000 0000 0000 0000 0000 0000 0000 0000 0000 0000 |246
0000 0000 0000 0000 0000 0000 0000 0000 0000 0000 |245
0000 0000 0000 0000 0000 0000 0000 0000 0000 0000 |244
0000 0000 0000 0000 0000 0000 0000 0000 0000 0000 |243
0000 0000 0000 0000 0000 0000 0000 0000 0000 0000 |242
0000 0000 0000 0000 0000 0000 0000 0000 0000 0000 |241
0000 0000 0000 0000 0000 0000 0000 0000 0000 0000 |240
0000 0000 0000 0000 0000 0000 0000 0000 0000 0000 |239
0000 0000 0000 0000 0000 0000 0000 0000 0000 0000 |238
0000 0000 0000 0000 0000 0000 0000 0000 0000 0000 |237
0000 0000 0000 0000 0000 0000 0000 0000 0000 0000 |236
0000 0000 0000 0000 0000 0000 0000 0000 0000 0000 |235
0000 0000 0000 0000 0000 0000 0000 0000 0000 0000 |234
0000 0000 0000 0000 0000 0000 0000 0000 0000 0000 |233
0000 0000 0000 0000 0000 0000 0000 0000 0000 0000 |232
0000 0000 0000 0000 0000 0000 0000 0000 0000 0000 |231
0000 0000 0000 0000 0000 0000 0000 0000 0000 0000 |230
0000 0000 0000 0000 0000 0000 0000 0000 0000 0000 |229
0000 0000 0000 0000 0000 0000 0000 0000 0000 0000 |228
0000 0000 0000 0000 0000 0000 0000 0000 0000 0000 |227
0000 0000 0000 0000 0000 0000 0000 0000 0000 0000 |226
0000 0000 0000 0000 0000 0000 0000 0000 0000 0000 |225
0000 0000 0000 0000 0000 0000 0000 0000 0000 0000 |224
0000 0000 0000 0000 0000 0000 0000 0000 0000 0000 |223
0000 0000 0000 0000 0000 0000 0000 0000 0000 0000 |222
0000 0000 0000 0000 0000 0000 0000 0000 0000 0000 |221
0000 0000 0000 0000 0000 0000 0000 0000 0000 0000 |220
0000 0000 0000 0000 0000 0000 0000 0000 0000 0000 |219
0000 0000 0000 0000 0000 0000 0000 0000 0000 0000 |218
0000 0000 0000 0000 0000 0000 0000 0000 0000 0000 |217
0000 0000 0000 0000 0000 0000 0000 0000 0000 0000 |216
0000 0000 0000 0000 0000 0000 0000 0000 0000 0000 |215
0000 0000 0000 0000 0000 0000 0000 0000 0000 0000 |214
0000 0000 0000 0000 0000 0000 0000 0000 0000 0000 |213
0000 0000 0000 0000 0000 0000 0000 0000 0000 0000 |212
0000 0000 0000 0000 0000 0000 0000 0000 0000 0000 |211
0000 0000 0000 0000 0000 0000 0000 0000 0000 0000 |210
0000 0000 0000 0000 0000 0000 0000 0000 0000 0000 |209
0000 0000 0000 0000 0000 0000 0000 0000 0000 0000 |208
0000 0000 0000 0000 0000 0000 0000 0000 0000 0000 |207
0000 0000 0000 0000 0000 0000 0000 0000 0000 0000 |206
0000 0000 0000 0000 0000 0000 0000 0000 0000 0000 |205
0000 0000 0000 0000 0000 0000 0000 0000 0000 0000 |204
0000 0000 0000 0000 0000 0000 0000 0000 0000 0000 |203
0000 0000 0000 0000 0000 0000 0000 0000 0000 0000 |202
0000 0000 0000 0000 0000 0000 0000 0000 0000 0000 |201
0000 0000 0000 0000 0000 0000 0000 0000 0000 0000 |200
0000 0000 0000 0000 0000 0000 0000 0000 0000 0000 |199
0000 0000 0000 0000 0000 0000 0000 0000 0000 0000 |198
0000 0000 0000 0000 0000 0000 0000 0000 0000 0000 |197
0000 0000 0000 0000 0000 0000 0000 0000 0000 0000 |196
0000 0000 0000 0000 0000 0000 0000 0000 0000 0000 |195
0000 0000 0000 0000 0000 0000 0000 0000 0000 0000 |194
0000 0000 0000 0000 0000 0000 0000 0000 0000 0000 |193
0000 0000 0000 0000 0000 0000 0000 0000 0000 0000 |192
0000 0000 0000 0000 0000 0000 0000 0000 0000 0000 |191
0000 0000 0000 0000 0000 0000 0000 0000 0000 0000 |190
0000 0000 0000 0000 0000 0000 0000 0000 0000 0000 |189
0000 0000 0000 0000 0000 0000 0000 0000 0000 0000 |188
0000 0000 0000 0000 0000 0000 0000 0000 0000 0000 |187
0000 0000 0000 0000 0000 0000 0000 0000 0000 0000 |186
0000 0000 0000 0000 0000 0000 0000 0000 0000 0000 |185
0000 0000 0000 0000 0000 0000 0000 0000 0000 0000 |184
0000 0000 0000 0000 0000 0000 0000 0000 0000 0000 |183
0000 0000 0000 0000 0000 0000 0000 0000 0000 0000 |182
0000 0000 0000 0000 0000 0000 0000 0000 0000 0000 |181
0000 0000 0000 0000 0000 0000 0000 0000 0000 0000 |180
0000 0000 0000 0000 0000 0000 0000 0000 0000 0000 |179
0000 0000 0000 0000 0000 0000 0000 0000 0000 0000 |178
0000 0000 0000 0000 0000 0000 0000 0000 0000 0000 |177
0000 0000 0000 0000 0000 0000 0000 0000 0000 0000 |176
0000 0000 0000 0000 0000 0000 0000 0000 0000 0000 |175
0000 0000 0000 0000 0000 0000 0000 0000 0000 0000 |174
0000 0000 0000 0000 0000 0000 0000 0000 0000 0000 |173
0000 0000 0000 0000 0000 0000 0000 0000 0000 0000 |172
0000 0000 0000 0000 0000 0000 0000 0000 0000 0000 |171
0000 0000 0000 0000 0000 0000 0000 0000 0000 0000 |170
0000 0000 0000 0000 0000 0000 0000 0000 0000 0000 |169
0000 0000 0000 0000 0000 0000 0000 0000 0000 0000 |168
0000 0000 0000 0000 0000 0000 0000 0000 0000 0000 |167
0000 0000 0000 0000 0000 0000 0000 0000 0000 0000 |166
0000 0000 0000 0000 0000 0000 0000 0000 0000 0000 |165
0000 0000 0000 0000 0000 0000 0000 0000 0000 0000 |164
0000 0000 0000 0000 0000 0000 0000 0000 0000 0000 |163
0000 0000 0000 0000 0000 0000 0000 0000 0000 0000 |162
0000 0000 0000 0000 0000 0000 0000 0000 0000 0000 |161
0000 0000 0000 0000 0000 0000 0000 0000 0000 0000 |160
0000 0000 0000 0000 0000 0000 0000 0000 0000 0000 |159
0000 0000 0000 0000 1288 1288 1288 1288 0000 0000 |158
0000 0000 0000 0000 0000 1283 1285 1286 0000 0000 |157
0000 0000 0000 0000 1281 1281 1284 1281 0000 0000 |156
1287 0000 0000 0000 0000 1276 1280 1279 1275 1275 |155
1282 0000 0000 0000 1277 1277 1271 1272 1272 1266 |154
1264 0000 0000 0000 1270 1267 1257 1257 1257 1259 |153
1264 1262 1262 1262 1270 1265 1265 1268 1244 0000 |152
1261 1261 1261 1261 1261 1258 1258 1245 1238 0000 |151
1250 1250 1250 1253 1248 1233 1254 1245 1223 1222 |150
1241 1236 1239 1242 1242 1239 1235 1245 1207 1222 |149
1229 1229 1229 1229 1225 1225 1225 1230 1207 1222 |148
1228 0000 1218 1224 1221 1216 1215 1215 1210 1219 |147
1220 1220 1192 1208 1213 1205 1203 1203 1203 1206 |146
0000 1168 1192 1193 1211 1194 1194 1194 1191 1191 |145
1200 1168 1192 1189 1190 1182 1163 1185 0000 0000 |144
1183 1168 1184 1184 1184 1178 1178 1178 0000 0000 |143
1174 1168 1177 0000 1167 1172 1172 1172 0000 0000 |142
1165 1165 1165 1156 1161 1147 1158 1144 1164 0000 |141
1154 1160 1148 1148 1148 1147 1130 1135 0000 0000 |140
1137 1153 1143 1142 1142 1142 1142 1128 0000 1139 |139
1129 1129 1129 1126 1134 1123 1123 1123 0000 1131 |138
1112 1127 0000 1120 1120 1120 1116 1117 0000 1125 |137
1109 1114 1114 1114 0000 1111 1111 1111 1108 1108 |136
1098 1104 0000 1097 1083 0000 1105 1103 1103 1107 |135
1089 1080 1089 1092 1083 1093 1093 1099 0000 1102 |134
0000 1080 0000 1084 1100 1084 1084 1090 1088 1101 |133
0000 1080 1096 1096 1096 1096 1086 1078 1078 1091 |132
0000 1080 1070 1071 1094 0000 1077 1077 1077 1077 |131
0000 1069 1067 0000 1085 1068 1072 1072 1075 1066 |130
0000 1065 1059 0000 1074 1058 1060 1061 1063 1063 |129
1050 1057 1056 0000 1037 0000 1051 1053 0000 1054 |128
1050 1052 1052 1046 1046 1046 1045 1049 1049 1049 |127
1050 0000 0000 1044 1037 1043 1040 0000 0000 0000 |126
1038 1038 1038 1041 1041 1041 1041 0000 0000 0000 |125
0000 0000 1031 1048 1034 1027 0000 0000 1035 0000 |124
1042 1042 1042 1042 1029 1027 0000 1033 1033 1033 |123
0000 0000 1039 0000 1024 1024 1028 1028 1028 0000 |122
0000 0000 1032 1023 1006 1025 0000 0000 0000 0000 |121
0000 1013 1021 1013 1019 1019 1017 1017 1017 0000 |120
0000 0000 1018 1018 1003 1003 1012 0000 0000 0000 |119
0990 1016 0990 1011 0980 1009 1012 0000 0000 0000 |118
1007 1007 1007 1007 0980 1009 1001 1001 0000 0000 |117
0994 0994 0994 0994 0980 1009 0997 0989 1008 0000 |116
0000 0987 0975 0981 0980 1004 0984 0976 0976 0976 |115
0000 0977 0964 0964 0964 0973 0965 0965 0965 0992 |114
0000 0967 0962 0966 0000 0000 0000 0978 0954 0985 |113
0000 0955 0957 0961 0955 0960 0929 0949 0949 0949 |112
0000 0000 0951 0000 0931 0943 0929 0943 0953 0958 |111
0000 0000 0921 0944 0931 0941 0929 0935 0952 0948 |110
0000 0000 0921 0000 0931 0934 0929 0928 0928 0928 |109
0000 0000 0921 0925 0925 0930 0924 0924 0924 0000 |108
0000 0000 0921 0915 0917 0917 0917 0917 0927 0000 |107
0000 0000 0918 0911 0911 0911 0911 0911 0000 0000 |106
0000 0000 0909 0902 0906 0904 0904 0907 0907 0907 |105
0000 0000 0900 0900 0900 0900 0000 0000 0000 0901 |104
0000 0898 0898 0897 0897 0000 0899 0899 0899 0899 |103
0000 0000 0000 0892 0888 0000 0895 0000 0000 0000 |102
0893 0876 0872 0887 0888 0889 0889 0891 0000 0000 |101
0890 0868 0000 0878 0878 0884 0884 0884 0850 0852 |100
0886 0861 0857 0880 0880 0880 0875 0000 0000 0851 |99
0883 0879 0879 0874 0873 0000 0831 0818 0000 0836 |98
0871 0840 0869 0870 0841 0000 0831 0818 0835 0828 |97
0871 0853 0864 0863 0846 0846 0846 0818 0827 0817 |96
0867 0853 0855 0855 0855 0839 0810 0847 0820 0812 |95
0865 0853 0000 0832 0832 0832 0803 0842 0801 0781 |94
0860 0859 0000 0000 0824 0824 0824 0824 0801 0767 |93
0858 0848 0000 0833 0833 0833 0814 0796 0788 0788 |92
0844 0844 0844 0799 0799 0815 0814 0782 0786 0763 |91
0000 0822 0000 0804 0804 0804 0804 0782 0752 0752 |90
0000 0822 0000 0000 0775 0749 0758 0750 0750 0750 |89
0000 0822 0000 0000 0757 0757 0757 0757 0745 0748 |88
0792 0822 0821 0821 0821 0751 0751 0751 0713 0751 |87
0792 0806 0806 0807 0807 0807 0729 0737 0713 0741 |86
0792 0780 0798 0802 0000 0722 0735 0735 0713 0000 |85
0792 0771 0787 0793 0000 0723 0714 0715 0713 0000 |84
0774 0753 0777 0777 0755 0723 0709 0709 0713 0000 |83
0000 0753 0765 0765 0710 0723 0000 0000 0708 0682 |82
0738 0753 0759 0732 0710 0712 0000 0000 0680 0682 |81
0739 0739 0747 0740 0704 0704 0704 0703 0680 0682 |80
0734 0736 0736 0736 0718 0696 0705 0697 0680 0658 |79
0727 0717 0000 0699 0663 0696 0691 0691 0691 0658 |78
0721 0717 0693 0693 0663 0690 0677 0000 0674 0658 |77
0716 0720 0720 0652 0652 0652 0666 0666 0645 0653 |76
0700 0706 0000 0667 0667 0638 0638 0638 0645 0646 |75
0688 0694 0694 0686 0000 0659 0628 0628 0628 0640 |74
0681 0681 0685 0678 0678 0641 0641 0641 0619 0632 |73
0668 0676 0671 0676 0670 0000 0617 0617 0617 0613 |72
0657 0664 0664 0662 0610 0610 0610 0610 0607 0608 |71
0651 0649 0649 0649 0606 0606 0606 0611 0607 0612 |70
0637 0633 0596 0634 0631 0598 0599 0587 0587 0589 |69
0627 0636 0572 0625 0626 0595 0577 0573 0600 0589 |68
0622 0622 0572 0609 0609 0580 0577 0573 0591 0589 |67
0614 0614 0572 0615 0615 0616 0577 0573 0571 0574 |66
0000 0000 0572 0566 0566 0566 0569 0569 0569 0565 |65
0588 0586 0572 0588 0584 0557 0557 0559 0563 0565 |64
0567 0567 0567 0585 0576 0576 0544 0541 0554 0548 |63
0581 0526 0581 0581 0000 0562 0535 0535 0535 0550 |62
0532 0526 0556 0568 0000 0530 0530 0530 0523 0538 |61
0532 0526 0547 0555 0555 0555 0524 0511 0511 0511 |60
0532 0526 0537 0549 0518 0545 0497 0504 0000 0515 |59
0513 0513 0513 0531 0517 0517 0517 0517 0000 0499 |58
0000 0510 0490 0514 0514 0514 0502 0502 0488 0488 |57
0500 0496 0490 0489 0489 0498 0498 0498 0480 0000 |56
0485 0495 0490 0475 0475 0483 0478 0478 0478 0000 |55
0485 0486 0490 0466 0476 0470 0476 0460 0000 0456 |54
0471 0471 0471 0471 0452 0465 0465 0465 0000 0443 |53
0449 0449 0463 0463 0435 0448 0433 0430 0430 0430 |52
0459 0439 0446 0444 0447 0428 0453 0453 0453 0000 |51
0442 0436 0436 0441 0441 0441 0441 0414 0413 0000 |50
0424 0424 0424 0432 0412 0429 0409 0425 0425 0425 |49
0000 0417 0416 0421 0421 0421 0411 0411 0411 0000 |48
0000 0401 0405 0405 0405 0408 0395 0395 0400 0404 |47
0000 0000 0396 0396 0396 0396 0394 0394 0394 0394 |46
0000 0383 0383 0383 0388 0389 0000 0387 0000 0000 |45
0000 0000 0000 0381 0391 0386 0386 0386 0386 0000 |44
0000 0000 0379 0379 0379 0379 0361 0385 0382 0382 |43
0000 0000 0375 0372 0372 0372 0361 0373 0373 0000 |42
0000 0000 0000 0367 0000 0371 0361 0364 0370 0369 |41
0000 0000 0366 0366 0362 0362 0358 0356 0356 0365 |40
0000 0359 0354 0354 0353 0363 0363 0363 0363 0000 |39
0348 0348 0348 0348 0347 0352 0351 0351 0351 0333 |38
0344 0342 0338 0338 0347 0346 0322 0332 0339 0000 |37
0334 0337 0343 0327 0341 0340 0315 0315 0315 0315 |36
0303 0335 0335 0335 0335 0335 0309 0000 0330 0000 |35
0303 0321 0000 0331 0000 0311 0300 0319 0319 0319 |34
0303 0316 0316 0316 0000 0301 0294 0310 0314 0000 |33
0295 0000 0317 0307 0317 0287 0292 0302 0000 0000 |32
0284 0286 0286 0286 0286 0283 0289 0283 0000 0000 |31
0270 0279 0296 0298 0305 0298 0274 0304 0304 0297 |30
0257 0268 0268 0269 0269 0269 0269 0000 0285 0000 |29
0256 0263 0260 0254 0255 0244 0000 0000 0273 0000 |28
0248 0248 0248 0248 0248 0244 0000 0000 0265 0000 |27
0000 0241 0241 0241 0241 0231 0232 0232 0232 0275 |26
0236 0236 0227 0219 0210 0210 0210 0261 0249 0266 |25
0000 0217 0216 0219 0000 0195 0000 0235 0249 0262 |24
0000 0213 0207 0219 0180 0180 0238 0238 0238 0247 |23
0000 0000 0206 0219 0230 0000 0220 0000 0251 0247 |22
0226 0199 0199 0212 0212 0170 0209 0209 0224 0224 |21
0200 0171 0159 0203 0203 0000 0240 0240 0169 0218 |20
0193 0157 0159 0186 0154 0174 0000 0234 0189 0201 |19
0136 0141 0156 0162 0140 0140 0175 0175 0175 0201 |18
0129 0129 0143 0143 0143 0143 0152 0167 0147 0201 |17
0188 0118 0118 0118 0134 0134 0134 0128 0128 0187 |16
0179 0127 0111 0127 0122 0120 0132 0132 0155 0172 |15
0150 0146 0105 0114 0117 0117 0117 0117 0142 0160 |14
0000 0000 0099 0099 0099 0099 0107 0130 0133 0124 |13
0000 0000 0000 0000 0125 0083 0107 0000 0121 0121 |12
0000 0000 0000 0080 0115 0083 0107 0119 0104 0109 |11
0000 0098 0000 0080 0108 0083 0091 0091 0091 0101 |10
0075 0092 0075 0094 0094 0083 0050 0097 0097 0097 |9
0000 0072 0051 0085 0086 0086 0086 0095 0064 0000 |8
0000 0065 0051 0060 0077 0081 0050 0089 0059 0000 |7
0043 0035 0051 0060 0071 0070 0050 0073 0033 0000 |6
0015 0045 0045 0045 0045 0066 0038 0061 0061 0061 |5
0015 0036 0036 0053 0026 0026 0026 0026 0033 0039 |4
0015 0016 0034 0034 0034 0034 0011 0040 0032 0032 |3
0010 0016 0031 0023 0017 0017 0011 0000 0021 0000 |2
0004 0007 0006 0020 0001 0014 0011 0018 0009 0008 |1
0000 0000 0000 0000 0000 0000 0000 0000 0000 0000 |0
----------
--------- Y and Z Axis ---------
0000 0000 0000 0000 0000 0000 0000 0000 0000 0000 |307
0000 0000 0000 0000 0000 0000 0000 0000 0000 0000 |306
0000 0000 0000 0000 0000 0000 0000 0000 0000 0000 |305
0000 0000 0000 0000 0000 0000 0000 0000 0000 0000 |304
0000 0000 0000 0000 0000 0000 0000 0000 0000 0000 |303
0000 0000 0000 0000 0000 0000 0000 0000 0000 0000 |302
0000 0000 0000 0000 0000 0000 0000 0000 0000 0000 |301
0000 0000 0000 0000 0000 0000 0000 0000 0000 0000 |300
0000 0000 0000 0000 0000 0000 0000 0000 0000 0000 |299
0000 0000 0000 0000 0000 0000 0000 0000 0000 0000 |298
0000 0000 0000 0000 0000 0000 0000 0000 0000 0000 |297
0000 0000 0000 0000 0000 0000 0000 0000 0000 0000 |296
0000 0000 0000 0000 0000 0000 0000 0000 0000 0000 |295
0000 0000 0000 0000 0000 0000 0000 0000 0000 0000 |294
0000 0000 0000 0000 0000 0000 0000 0000 0000 0000 |293
0000 0000 0000 0000 0000 0000 0000 0000 0000 0000 |292
0000 0000 0000 0000 0000 0000 0000 0000 0000 0000 |291
0000 0000 0000 0000 0000 0000 0000 0000 0000 0000 |290
0000 0000 0000 0000 0000 0000 0000 0000 0000 0000 |289
0000 0000 0000 0000 0000 0000 0000 0000 0000 0000 |288
0000 0000 0000 0000 0000 0000 0000 0000 0000 0000 |287
0000 0000 0000 0000 0000 0000 0000 0000 0000 0000 |286
0000 0000 0000 0000 0000 0000 0000 0000 0000 0000 |285
0000 0000 0000 0000 0000 0000 0000 0000 0000 0000 |284
0000 0000 0000 0000 0000 0000 0000 0000 0000 0000 |283
0000 0000 0000 0000 0000 0000 0000 0000 0000 0000 |282
0000 0000 0000 0000 0000 0000 0000 0000 0000 0000 |281
0000 0000 0000 0000 0000 0000 0000 0000 0000 0000 |280
0000 0000 0000 0000 0000 0000 0000 0000 0000 0000 |279
0000 0000 0000 0000 0000 0000 0000 0000 0000 0000 |278
0000 0000 0000 0000 0000 0000 0000 0000 0000 0000 |277
0000 0000 0000 0000 0000 0000 0000 0000 0000 0000 |276
0000 0000 0000 0000 0000 0000 0000 0000 0000 0000 |275
0000 0000 0000 0000 0000 0000 0000 0000 0000 0000 |274
0000 0000 0000 0000 0000 0000 0000 0000 0000 0000 |273
0000 0000 0000 0000 0000 0000 0000 0000 0000 0000 |272
0000 0000 0000 0000 0000 0000 0000 0000 0000 0000 |271
0000 0000 0000 0000 0000 0000 0000 0000 0000 0000 |270
0000 0000 0000 0000 0000 0000 0000 0000 0000 0000 |269
0000 0000 0000 0000 0000 0000 0000 0000 0000 0000 |268
0000 0000 0000 0000 0000 0000 0000 0000 0000 0000 |267
0000 0000 0000 0000 0000 0000 0000 0000 0000 0000 |266
0000 0000 0000 0000 0000 0000 0000 0000 0000 0000 |265
0000 0000 0000 0000 0000 0000 0000 0000 0000 0000 |264
0000 0000 0000 0000 0000 0000 0000 0000 0000 0000 |263
0000 0000 0000 0000 0000 0000 0000 0000 0000 0000 |262
0000 0000 0000 0000 0000 0000 0000 0000 0000 0000 |261
0000 0000 0000 0000 0000 0000 0000 0000 0000 0000 |260
0000 0000 0000 0000 0000 0000 0000 0000 0000 0000 |259
0000 0000 0000 0000 0000 0000 0000 0000 0000 0000 |258
0000 0000 0000 0000 0000 0000 0000 0000 0000 0000 |257
0000 0000 0000 0000 0000 0000 0000 0000 0000 0000 |256
0000 0000 0000 0000 0000 0000 0000 0000 0000 0000 |255
0000 0000 0000 0000 0000 0000 0000 0000 0000 0000 |254
0000 0000 0000 0000 0000 0000 0000 0000 0000 0000 |253
0000 0000 0000 0000 0000 0000 0000 0000 0000 0000 |252
0000 0000 0000 0000 0000 0000 0000 0000 0000 0000 |251
0000 0000 0000 0000 0000 0000 0000 0000 0000 0000 |250
0000 0000 0000 0000 0000 0000 0000 0000 0000 0000 |249
0000 0000 0000 0000 0000 0000 0000 0000 0000 0000 |248
0000 0000 0000 0000 0000 0000 0000 0000 0000 0000 |247
0000 0000 0000 0000 0000 0000 0000 0000 0000 0000 |246
0000 0000 0000 0000 0000 0000 0000 0000 0000 0000 |245
0000 0000 0000 0000 0000 0000 0000 0000 0000 0000 |244
0000 0000 0000 0000 0000 0000 0000 0000 0000 0000 |243
0000 0000 0000 0000 0000 0000 0000 0000 0000 0000 |242
0000 0000 0000 0000 0000 0000 0000 0000 0000 0000 |241
0000 0000 0000 0000 0000 0000 0000 0000 0000 0000 |240
0000 0000 0000 0000 0000 0000 0000 0000 0000 0000 |239
0000 0000 0000 0000 0000 0000 0000 0000 0000 0000 |238
0000 0000 0000 0000 0000 0000 0000 0000 0000 0000 |237
0000 0000 0000 0000 0000 0000 0000 0000 0000 0000 |236
0000 0000 0000 0000 0000 0000 0000 0000 0000 0000 |235
0000 0000 0000 0000 0000 0000 0000 0000 0000 0000 |234
0000 0000 0000 0000 0000 0000 0000 0000 0000 0000 |233
0000 0000 0000 0000 0000 0000 0000 0000 0000 0000 |232
0000 0000 0000 0000 0000 0000 0000 0000 0000 0000 |231
0000 0000 0000 0000 0000 0000 0000 0000 0000 0000 |230
0000 0000 0000 0000 0000 0000 0000 0000 0000 0000 |229
0000 0000 0000 0000 0000 0000 0000 0000 0000 0000 |228
0000 0000 0000 0000 0000 0000 0000 0000 0000 0000 |227
0000 0000 0000 0000 0000 0000 0000 0000 0000 0000 |226
0000 0000 0000 0000 0000 0000 0000 0000 0000 0000 |225
0000 0000 0000 0000 0000 0000 0000 0000 0000 0000 |224
0000 0000 0000 0000 0000 0000 0000 0000 0000 0000 |223
0000 0000 0000 0000 0000 0000 0000 0000 0000 0000 |222
0000 0000 0000 0000 0000 0000 0000 0000 0000 0000 |221
0000 0000 0000 0000 0000 0000 0000 0000 0000 0000 |220
0000 0000 0000 0000 0000 0000 0000 0000 0000 0000 |219
0000 0000 0000 0000 0000 0000 0000 0000 0000 0000 |218
0000 0000 0000 0000 0000 0000 0000 0000 0000 0000 |217
0000 0000 0000 0000 0000 0000 0000 0000 0000 0000 |216
0000 0000 0000 0000 0000 0000 0000 0000 0000 0000 |215
0000 0000 0000 0000 0000 0000 0000 0000 0000 0000 |214
0000 0000 0000 0000 0000 0000 0000 0000 0000 0000 |213
0000 0000 0000 0000 0000 0000 0000 0000 0000 0000 |212
0000 0000 0000 0000 0000 0000 0000 0000 0000 0000 |211
0000 0000 0000 0000 0000 0000 0000 0000 0000 0000 |210
0000 0000 0000 0000 0000 0000 0000 0000 0000 0000 |209
0000 0000 0000 0000 0000 0000 0000 0000 0000 0000 |208
0000 0000 0000 0000 0000 0000 0000 0000 0000 0000 |207
0000 0000 0000 0000 0000 0000 0000 0000 0000 0000 |206
0000 0000 0000 0000 0000 0000 0000 0000 0000 0000 |205
0000 0000 0000 0000 0000 0000 0000 0000 0000 0000 |204
0000 0000 0000 0000 0000 0000 0000 0000 0000 0000 |203
0000 0000 0000 0000 0000 0000 0000 0000 0000 0000 |202
0000 0000 0000 0000 0000 0000 0000 0000 0000 0000 |201
0000 0000 0000 0000 0000 0000 0000 0000 0000 0000 |200
0000 0000 0000 0000 0000 0000 0000 0000 0000 0000 |199
0000 0000 0000 0000 0000 0000 0000 0000 0000 0000 |198
0000 0000 0000 0000 0000 0000 0000 0000 0000 0000 |197
0000 0000 0000 0000 0000 0000 0000 0000 0000 0000 |196
0000 0000 0000 0000 0000 0000 0000 0000 0000 0000 |195
0000 0000 0000 0000 0000 0000 0000 0000 0000 0000 |194
0000 0000 0000 0000 0000 0000 0000 0000 0000 0000 |193
0000 0000 0000 0000 0000 0000 0000 0000 0000 0000 |192
0000 0000 0000 0000 0000 0000 0000 0000 0000 0000 |191
0000 0000 0000 0000 0000 0000 0000 0000 0000 0000 |190
0000 0000 0000 0000 0000 0000 0000 0000 0000 0000 |189
0000 0000 0000 0000 0000 0000 0000 0000 0000 0000 |188
0000 0000 0000 0000 0000 0000 0000 0000 0000 0000 |187
0000 0000 0000 0000 0000 0000 0000 0000 0000 0000 |186
0000 0000 0000 0000 0000 0000 0000 0000 0000 0000 |185
0000 0000 0000 0000 0000 0000 0000 0000 0000 0000 |184
0000 0000 0000 0000 0000 0000 0000 0000 0000 0000 |183
0000 0000 0000 0000 0000 0000 0000 0000 0000 0000 |182
0000 0000 0000 0000 0000 0000 0000 0000 0000 0000 |181
0000 0000 0000 0000 0000 0000 0000 0000 0000 0000 |180
0000 0000 0000 0000 0000 0000 0000 0000 0000 0000 |179
0000 0000 0000 0000 0000 0000 0000 0000 0000 0000 |178
0000 0000 0000 0000 0000 0000 0000 0000 0000 0000 |177
0000 0000 0000 0000 0000 0000 0000 0000 0000 0000 |176
0000 0000 0000 0000 0000 0000 0000 0000 0000 0000 |175
0000 0000 0000 0000 0000 0000 0000 0000 0000 0000 |174
0000 0000 0000 0000 0000 0000 0000 0000 0000 0000 |173
0000 0000 0000 0000 0000 0000 0000 0000 0000 0000 |172
0000 0000 0000 0000 0000 0000 0000 0000 0000 0000 |171
0000 0000 0000 0000 0000 0000 0000 0000 0000 0000 |170
0000 0000 0000 0000 0000 0000 0000 0000 0000 0000 |169
0000 0000 0000 0000 0000 0000 0000 0000 0000 0000 |168
0000 0000 0000 0000 0000 0000 0000 0000 0000 0000 |167
0000 0000 0000 0000 0000 0000 0000 0000 0000 0000 |166
0000 0000 0000 0000 0000 0000 0000 0000 0000 0000 |165
0000 0000 0000 0000 0000 0000 0000 0000 0000 0000 |164
0000 0000 0000 0000 0000 0000 0000 0000 0000 0000 |163
0000 0000 0000 0000 0000 0000 0000 0000 0000 0000 |162
0000 0000 0000 0000 0000 0000 0000 0000 0000 0000 |161
0000 0000 0000 0000 0000 0000 0000 0000 0000 0000 |160
0000 0000 0000 0000 0000 0000 0000 0000 0000 0000 |159
0000 0000 0000 0000 1288 0000 0000 0000 0000 0000 |158
0000 0000 0000 0000 1285 1285 1283 1283 1285 0000 |157
0000 1284 1284 1284 1284 0000 0000 1281 1278 0000 |156
0000 0000 0000 1275 1280 1287 1287 1287 1276 0000 |155
0000 0000 1271 1282 1282 1282 1273 1273 1273 0000 |154
0000 0000 1270 1264 1259 1267 1267 1269 1269 0000 |153
0000 1268 1270 1264 1244 1234 1262 1265 0000 0000 |152
1261 1260 1258 1264 1251 1256 1256 1256 0000 0000 |151
1250 1255 1255 1255 1248 0000 1253 0000 1249 0000 |150
1236 1241 1236 1236 1233 1237 1237 1237 1237 0000 |149
1225 1229 1231 1231 1231 1231 1226 1226 1181 0000 |148
1224 1218 1218 1218 1216 0000 0000 1228 1228 1228 |147
1205 1205 1208 1192 1208 1208 1198 1198 1220 1213 |146
1168 1193 1193 1192 1204 1197 0000 0000 1209 1209 |145
1168 1189 1189 1192 1188 1200 1200 1200 1196 1196 |144
1168 1180 1187 1192 1151 0000 1183 1159 1159 0000 |143
1168 1180 1174 1174 1174 1177 1177 1150 1150 1179 |142
1165 1180 1155 1155 1155 1155 1170 0000 1166 1166 |141
1154 1154 1154 1160 1160 1157 1157 1138 1141 1152 |140
1143 1143 1137 1137 1137 1128 1121 1139 1141 1145 |139
0000 1134 1129 1140 1119 1119 1119 1124 1110 1132 |138
0000 1127 1127 1127 1115 1112 1112 1118 1097 1125 |137
0000 0000 0000 1114 0000 1108 1109 1106 1106 1106 |136
0000 0000 0000 1104 1104 1104 1104 1098 1098 1098 |135
0000 0000 0000 0000 1099 1099 1080 1089 1087 1083 |134
0000 0000 1101 1088 1100 1100 1080 1079 1079 1079 |133
0000 0000 0000 1091 1086 1096 1080 0000 1076 1083 |132
0000 0000 0000 0000 1077 1070 1080 1070 1071 1081 |131
0000 0000 0000 1072 1066 1085 1069 1069 1067 1067 |130
0000 0000 1060 1060 1060 1065 1065 1065 1059 0000 |129
0000 0000 0000 0000 1051 1056 1057 1057 1057 1050 |128
0000 0000 1045 1045 1046 1037 1052 0000 1055 1050 |127
0000 0000 0000 0000 1044 1044 1043 1047 1047 1050 |126
0000 0000 0000 0000 1041 1037 1036 0000 0000 1038 |125
1048 1048 0000 0000 1034 1034 1031 1031 1031 1031 |124
0000 1042 0000 0000 0000 1029 1026 1026 1026 0000 |123
1039 1039 0000 0000 0000 1024 1015 0000 1030 1030 |122
1032 0000 1025 1025 0000 1006 1015 1023 1022 0000 |121
1021 1021 1021 1021 1000 1006 1015 1013 1020 0000 |120
1003 1018 1012 0000 1000 1006 1010 1002 1002 1002 |119
0980 1016 1016 1016 1000 1006 1005 0000 0995 0990 |118
0980 1007 0997 1009 0991 0991 0991 0000 0000 0986 |117
0980 0994 0997 1009 0000 0000 0983 0981 0983 0983 |116
0980 0987 0987 0987 1004 0975 0000 0981 0979 0000 |115
0964 0973 0977 0992 0972 0972 0972 0968 0968 0968 |114
0962 0962 0962 0967 0967 0967 0967 0959 0959 0000 |113
0929 0949 0957 0957 0961 0000 0955 0956 0956 0960 |112
0929 0931 0938 0951 0951 0951 0951 0958 0000 0950 |111
0929 0931 0935 0941 0921 0942 0944 0942 0000 0947 |110
0929 0931 0934 0934 0921 0946 0937 0937 0937 0939 |109
0924 0925 0930 0930 0921 0936 0933 0932 0000 0000 |108
0917 0915 0916 0916 0921 0922 0920 0920 0000 0000 |107
0911 0908 0908 0908 0918 0918 0918 0918 0913 0913 |106
0907 0000 0905 0904 0902 0905 0909 0912 0912 0912 |105
0901 0901 0901 0900 0896 0000 0903 0903 0000 0000 |104
0897 0898 0000 0894 0894 0894 0877 0877 0877 0877 |103
0892 0892 0895 0888 0000 0881 0000 0000 0856 0000 |102
0887 0887 0887 0893 0893 0881 0000 0000 0876 0872 |101
0884 0878 0885 0888 0890 0890 0852 0868 0868 0868 |100
0880 0875 0851 0882 0886 0886 0857 0857 0861 0861 |99
0874 0874 0874 0873 0883 0883 0883 0854 0854 0854 |98
0000 0000 0869 0869 0870 0871 0828 0828 0841 0840 |97
0827 0864 0864 0853 0863 0871 0819 0819 0834 0830 |96
0847 0867 0867 0853 0810 0871 0823 0000 0816 0813 |95
0842 0842 0865 0865 0865 0865 0781 0795 0795 0794 |94
0860 0860 0860 0860 0797 0797 0797 0000 0000 0790 |93
0000 0858 0858 0858 0858 0785 0778 0000 0000 0784 |92
0763 0815 0844 0786 0782 0768 0768 0799 0770 0770 |91
0000 0804 0822 0000 0782 0789 0789 0789 0764 0760 |90
0000 0758 0822 0758 0773 0749 0749 0775 0756 0756 |89
0000 0745 0822 0757 0766 0000 0742 0761 0000 0000 |88
0821 0000 0822 0751 0000 0730 0792 0746 0746 0000 |87
0807 0000 0806 0737 0825 0825 0792 0731 0733 0000 |86
0780 0802 0802 0805 0805 0805 0792 0725 0726 0798 |85
0771 0793 0793 0793 0787 0791 0792 0714 0779 0779 |84
0753 0777 0783 0783 0783 0709 0774 0000 0000 0755 |83
0753 0765 0708 0776 0769 0769 0769 0769 0769 0744 |82
0753 0759 0759 0759 0759 0710 0000 0732 0738 0732 |81
0739 0747 0747 0747 0711 0711 0000 0703 0728 0000 |80
0734 0734 0734 0736 0718 0707 0719 0719 0719 0000 |79
0663 0727 0727 0727 0699 0699 0699 0687 0000 0000 |78
0663 0721 0721 0717 0674 0684 0677 0677 0000 0000 |77
0720 0679 0716 0717 0673 0673 0000 0000 0000 0000 |76
0706 0706 0706 0706 0667 0661 0000 0700 0701 0695 |75
0628 0000 0694 0640 0659 0659 0688 0688 0688 0688 |74
0685 0685 0685 0632 0641 0632 0644 0678 0644 0681 |73
0000 0668 0668 0668 0672 0672 0676 0669 0669 0669 |72
0657 0657 0657 0664 0620 0665 0665 0665 0648 0000 |71
0000 0651 0651 0651 0612 0618 0650 0649 0647 0639 |70
0587 0596 0637 0637 0637 0642 0642 0642 0642 0633 |69
0577 0572 0595 0595 0627 0627 0627 0627 0626 0624 |68
0577 0572 0591 0580 0591 0609 0622 0623 0623 0623 |67
0577 0572 0000 0571 0000 0592 0614 0616 0615 0605 |66
0569 0572 0560 0561 0566 0592 0604 0604 0604 0594 |65
0586 0586 0586 0000 0557 0592 0588 0584 0000 0578 |64
0000 0567 0582 0582 0582 0592 0585 0585 0585 0585 |63
0000 0526 0581 0000 0579 0579 0579 0551 0551 0551 |62
0556 0532 0556 0568 0530 0527 0527 0570 0536 0558 |61
0547 0532 0547 0547 0524 0553 0553 0553 0536 0552 |60
0537 0532 0537 0518 0539 0539 0521 0521 0521 0503 |59
0517 0513 0531 0516 0516 0516 0525 0512 0522 0000 |58
0502 0490 0514 0501 0501 0510 0507 0507 0507 0000 |57
0498 0490 0494 0496 0496 0496 0492 0500 0492 0000 |56
0483 0490 0495 0000 0475 0462 0481 0485 0467 0472 |55
0486 0486 0486 0486 0469 0469 0469 0485 0000 0457 |54
0471 0479 0443 0000 0452 0000 0461 0485 0482 0482 |53
0449 0477 0477 0477 0477 0477 0468 0468 0468 0435 |52
0439 0439 0459 0459 0459 0459 0451 0451 0451 0450 |51
0441 0436 0414 0442 0437 0414 0420 0438 0440 0418 |50
0424 0434 0429 0432 0422 0431 0426 0426 0426 0000 |49
0416 0416 0416 0416 0417 0417 0417 0000 0000 0000 |48
0400 0408 0408 0405 0408 0410 0401 0000 0415 0415 |47
0000 0000 0000 0396 0399 0399 0399 0403 0403 0403 |46
0000 0000 0000 0388 0388 0383 0389 0387 0000 0397 |45
0391 0391 0391 0000 0381 0381 0381 0392 0392 0392 |44
0000 0379 0380 0380 0380 0367 0000 0384 0385 0000 |43
0000 0372 0360 0000 0375 0367 0374 0378 0378 0000 |42
0364 0371 0371 0371 0368 0367 0368 0368 0000 0000 |41
0000 0362 0347 0000 0365 0366 0000 0000 0000 0000 |40
0359 0359 0359 0355 0355 0357 0350 0000 0000 0000 |39
0352 0352 0348 0351 0000 0345 0349 0349 0349 0000 |38
0342 0342 0342 0346 0000 0338 0332 0000 0344 0000 |37
0000 0337 0337 0337 0000 0327 0306 0000 0334 0000 |36
0000 0309 0309 0303 0336 0336 0306 0329 0323 0000 |35
0000 0300 0300 0303 0331 0325 0325 0293 0321 0000 |34
0000 0294 0294 0303 0294 0324 0312 0293 0000 0000 |33
0295 0295 0295 0295 0290 0290 0290 0293 0328 0328 |32
0284 0284 0289 0289 0278 0278 0278 0278 0000 0318 |31
0000 0270 0270 0270 0270 0296 0000 0305 0298 0308 |30
0285 0257 0257 0257 0272 0272 0288 0288 0288 0299 |29
0254 0263 0263 0256 0256 0256 0000 0282 0291 0291 |28
0248 0000 0000 0253 0276 0276 0276 0000 0277 0000 |27
0241 0000 0229 0243 0243 0000 0271 0271 0271 0000 |26
0219 0227 0236 0210 0233 0233 0233 0264 0264 0261 |25
0219 0216 0217 0217 0217 0217 0249 0259 0258 0235 |24
0207 0207 0207 0213 0180 0000 0246 0246 0246 0000 |23
0219 0230 0206 0206 0166 0000 0220 0222 0211 0000 |22
0212 0000 0170 0199 0226 0226 0226 0226 0245 0252 |21
0203 0218 0200 0200 0214 0214 0164 0164 0237 0225 |20
0186 0193 0193 0193 0193 0157 0221 0221 0221 0208 |19
0141 0136 0136 0136 0156 0156 0174 0204 0204 0181 |18
0143 0131 0131 0129 0131 0185 0196 0196 0196 0165 |17
0134 0128 0120 0118 0163 0188 0188 0158 0158 0158 |16
0122 0111 0111 0111 0179 0179 0179 0148 0145 0173 |15
0000 0105 0105 0105 0114 0146 0150 0135 0135 0000 |14
0000 0124 0099 0124 0107 0130 0138 0110 0137 0000 |13
0000 0000 0083 0000 0125 0125 0125 0110 0000 0000 |12
0109 0104 0083 0119 0107 0080 0115 0110 0000 0000 |11
0000 0000 0083 0108 0103 0080 0098 0098 0098 0000 |10
0000 0094 0083 0074 0092 0092 0092 0100 0000 0075 |9
0051 0072 0072 0074 0085 0080 0088 0090 0069 0063 |8
0051 0065 0065 0065 0077 0076 0058 0084 0059 0068 |7
0043 0043 0043 0035 0071 0071 0058 0071 0000 0057 |6
0045 0038 0015 0035 0044 0044 0058 0030 0030 0030 |5
0026 0000 0015 0052 0052 0052 0052 0042 0049 0002 |4
0011 0034 0015 0016 0047 0037 0037 0032 0041 0002 |3
0010 0010 0010 0019 0031 0025 0028 0029 0029 0002 |2
0004 0004 0007 0019 0013 0013 0003 0003 0022 0002 |1
0000 0000 0000 0000 0000 0000 0000 0000 0000 0000 |0
----------
61209
